53.93
10.34
48.71
32.24
73
90.21
51.88
94.84
29.49
87.82
30.69
57.51
88.62
19.78
53
68.92
1.68
96.76
64.05
67.07
24.33
98.06
90.32
50.08
50.01
26.79
72.74
52.44
22.97
43.88
96.49
27.43
29.93
38.44
44.78
79.12
87.07
34.01
44.98
54.4
63.52
7.4
45.44
67.32
57.44
56.69
98.91
97.91
61.6
35.41
96.65
92.44
7.94
77.48
41.61
46.49
39.82
94.13
47.44
66.34
80.11
71.98
8.84
24.08
88.65
35.8
54.4
6.43
61.33
57.43
3.76
66.16
2.33
40.54
23.65
8.08
37.18
43.72
56.16
19.77
81.12
76.81
57.04
41.22
59.59
66.63
91.43
89.68
29.75
89.06
37.78
56.45
58.09
54.61
61.78
83.4
22.37
35.31
29.3
12.13
25.34
77.1
61.91
99.91
43.2
92.56
19.14
47.27
65.32
31.65
26.85
3.13
95.24
87.46
21.39
94.36
81.38
61.13
79.28
88.39
61.37
60.76
98.56
3.59
18.69
29.43
39.88
46.31
4.61
88.73
93.8
35.85
41.27
62.06
1.39
51.46
98.23
75.2
85.79
17.72
73.32
69.1
15.13
1.55
64.72
10.7
39.29
51.95
13.22
33.67
59.39
6.79
84.88
68.6
42.48
70.76
18.96
37.15
16.67
32.29
92.25
72.18
70.89
32
58.23
5.11
49.13
48.75
81.33
19.77
63.22
62.83
68.25
87.04
36.4
14.39
2.77
11.26
77.81
70.56
21.38
12.09
99.38
30.37
1.16
17.27
99.57
5.92
69.76
51.03
58.88
49.77
28.29
61.04
13.49
26.45
21.13
94.21
74.17
32.43
19.74
16.23
29.67
81.58
96.37
92.47
70.68
67.27
95.91
43.14
62.77
6.87
83.94
54.54
86.48
57.57
11.6
66.84
34.98
54.61
68.57
62.35
74.05
93.82
93.14
99.31
93.17
5.34
44.35
41.18
1.76
87.6
6.35
59.96
70.97
80.48
43.59
8.2
75.57
89.43
81.62
43.04
83.58
10.29
8.49
57.91
88.07
53.28
87.36
24.21
75.13
76.66
34.47
93.6
80.75
48
49.69
76.1
31.23
6.77
47.89
66.58
85.43
53.18
54.99
76.93
39.2
57.25
54.04
94.39
32.66
79.43
90.83
82.96
84.87
31.61
55.12
63.82
4.84
63.03
82.73
92.97
87.97
52.09
14.85
80.15
82.21
43.43
53.09
47.16
29.4
42.96
43.32
54.15
90.51
27.98
84.76
43.72
20.31
56.57
11.27
45.44
98.46
14.62
21.64
27.45
89.99
23.2
20.13
53.74
74.88
43.04
23.16
34.73
79.65
93.05
19.14
18.82
7.37
97.5
52.16
81.67
27.68
49.14
26.55
66.58
38.81
89.09
1.6
58.33
70.57
1.39
93.42
51.58
92.77
82.03
40.17
43.67
1.98
73.11
30.92
16.64
97.14
78.68
51.6
20.01
20.13
22.34
21.73
70.06
6.87
88.62
27.56
43.27
12.2
53.29
61.92
90.83
38.98
70.44
19.49
45.99
12.47
89.81
52.02
12.37
28.65
76.88
44.13
73.28
9.4
26.87
20.7
16.63
40.51
71.38
8.62
59.67
59.75
2.9
31.37
80.35
16.03
70.43
69.93
71.78
92.74
11.96
23.77
55.58
41.02
38.63
47.99
86.25
49.36
98.08
11.56
15.69
4.43
52.18
10.64
43.13
8.86
60.21
14.03
44.58
88.34
75.3
84.41
41.61
96.56
77.27
80.78
20.78
25.77
93.01
14.99
31.13
45.5
7.53
54.44
66.53
38.96
45.73
76.4
17.7
65.77
11.71
91.94
56.82
59.16
17.19
57.11
63.15
42.46
47.31
40.62
44.34
11.08
35.7
34.87
51.81
41.15
81.94
29.25
87.9
71.04
94.7
99.32
49.4
32.5
43.49
46.91
21.28
45.12
8.72
77.82
31.46
34.5
82.76
55.17
94.22
30.39
87.3
64.95
36.17
71.78
98.61
24.57
35.36
26.75
92.55
49.22
6.63
47.73
9.86
47.32
52.2
73.6
5.78
77.44
5.13
71.47
29.08
43.65
86.3
2.08
16.17
43.42
1.64
71.82
76.46
10.15
2.71
65.88
39.56
82.09
36.04
83.75
85.39
17.48
42.47
27.61
8.04
94.46
36.93
45.23
92.29
64.96
91.23
30.69
94.66
11.31
10.47
67.32
81.46
57.4
90.4
39.2
24.43
29.24
51.69
90.69
95.43
84.5
5.42
1.23
85.76
69.07
23.09
1.56
20.59
82.74
55.16
26.52
99.1
7.96
14.03
99.06
49.7
26.4
60.61
74.38
89.85
95.02
27.64
30.12
75.84
85.59
53.73
56.26
47.86
87.83
4.53
89.73
35.9
47.32
22.35
71.5
64.68
11.36
66.79
82.5
48.2
30.72
42.58
12.91
14.31
80.78
33.17
92.18
36.64
63.71
42.54
13.3
32.45
65.87
62.7
37.11
3.63
8.86
81.24
3.38
33.61
63.2
80.65
83.48
35.54
68.61
85.84
16.64
15.3
66.14
38.52
96.18
94.2
87.44
9.59
76.29
36.14
51
54.42
41.67
24.51
9.4
81
5.02
91.12
60.15
41.12
23.05
91.89
32.39
12.09
9.27
8.53
97.69
58.47
91.79
96.84
67.43
61.64
82.73
17.68
24.59
28.55
34.64
81.53
64.11
80.72
44.04
72.98
95.94
10.57
62.65
39.42
25.5
28.74
69.8
56.03
31.09
5.26
21.32
93.01
26.44
53.5
61.93
2.48
21.07
65.43
67.11
25.76
61.74
38.12
9.93
71.84
82.08
42.45
54.99
53.58
30.88
77.32
30.26
56.19
81.71
48.97
65.62
56.32
61.17
22.13
74.35
19.85
92.91
12.93
19.09
43.39
51.7
91.48
8.49
35.93
22.48
29.52
88.8
50
48.03
99.76
41.61
44.7
82.56
76.26
70.17
59.51
81.99
58.06
73.55
92.31
48.58
23.23
81.24
88.59
90.74
2.12
64.79
6.83
76.37
49.23
73.77
71.01
93.27
13.37
17.16
48.1
20.42
63.51
21.43
3
2.27
67.62
29.47
54.13
10.41
13.21
21.16
66.42
46.16
48.04
52.08
8.43
47.1
81.66
87.68
90.14
12.51
91.24
18.21
99.29
28.28
62.57
58.67
91.93
14.07
17.96
76.94
70.01
1.7
97.5
13.77
65.12
97.08
86.65
71.33
44.24
78.43
55.81
29.88
53.57
14.64
32.01
64.82
12.79
33.26
18.74
76.81
88.69
19.14
43.88
17.25
92.19
99.39
38.22
15.54
73.84
31.62
86.57
64.25
12.8
11.54
33.1
42.79
91.56
92.19
93.55
75.27
80.92
64.69
11.89
95.89
30.2
17.2
12.16
72.39
40.79
15.85
34.08
25.26
26.3
64.3
76.21
73.59
87.97
48.14
50.72
70.48
66.36
63.74
83.13
36.46
62.83
51.79
39.03
40.09
72.83
17.95
98.83
51.31
55.27
67.33
23.43
58.96
54.09
26.42
82.94
94.71
13.17
12.3
57.47
36.61
8.78
50.06
13.39
9.67
49.14
87.66
64.35
24.41
76.43
23.49
26.6
25.43
17.14
89.38
39.24
86.38
65.78
58.47
25.3
96.98
64.82
55.02
15.23
22.6
71.44
12.39
27.52
10.09
8.59
54.38
44.81
94.2
23.34
18.32
43.3
60.59
42.66
59.97
14.85
45.8
78.55
6.24
33.62
32.16
3.18
82.25
90.31
9.75
24.63
56.88
36.28
19.64
15.88
11.23
19.29
60.67
9.64
11.29
29.02
6
39.27
57.84
90.44
79.54
45.95
52.02
7.46
1.77
30.1
92.98
1.85
59.33
84.52
4.54
31.32
35.42
2.29
87.11
79.42
22.48
41.57
87.64
37.29
68.59
82.18
32.48
87.54
27.07
14.63
55.39
62.42
9.86
25.91
65.53
38.74
28.97
70.3
78.65
68.68
72.34
19.68
31.64
59.22
84.09
15.3
46.78
7.2
42.25
31.8
61.07
42.33
41.93
47.22
63.59
88.48
20.61
18.16
20.33
42.9
97.61
80.21
12.71
67.41
60.88
55.71
42.39
3.34
17.5
2.8
57.69
27.87
23.97
11.23
77.42
77.06
8.22
28.24
52.09
37.92
1.61
87.87
34.96
24.93
18.11
78.33
69.89
42.12
96.5
99.24
78.41
12.72
80.81
83.44
90.67
21.17
67.42
38.6
35.94
91.04
61.4
56.53
77.43
74.66
9.46
62.1
96.02
3.99
59.03
3.24
48.11
35.4
25.98
90.75
